10491671900000003006561667000100040000000030
10491671900000003006561667000100040000000030

10492673700000005806561667000100040000000138

10493674700000006306561667000100040000000081
10494674600000004006561667000100040000000049
10495668900000100006561667000100040000000022
10496671900000006106561667000100040000000065
10497674800000006606561667000100040000000090
10498673500000007306561667000100040000000103
10499672700000001006561667000100040000000332
10495674100000005506561667000100040000000057
10495674400000007206561667000100040000000073
10491674900000005106561667000100040000000111
10491675000000007806561667000100040000000120
10495673800000005856561667000100040000000227
10491675100000008406561667000100040000000219
10491672600000008206561667000100040000000200
10498674400000008106561667000100040000000197
10491674300000004906561667000100040000000189
10492674200000006706561667000100040000000170
10493674100000005906561667000100040000000162
10496674000000007406561667000100040000000154
10497673300000007406561667000100040000000146
